0 0.2607421859375 0.3817794375 0.3251953140625 0.38700929687499996 0.3427734375 0.3791645125 0.3720703140625 0.3530152390625 0.394531246875 0.3229435703125 0.402343753125 0.2994092234375 0.4082031234375 0.17389269375 0.3876953140625 0.1307463796875 0.3525390625 0.10198218125 0.2431640625 0.09936725625000001 0.18359375312499998 0.166047909375 0.16796875312499998 0.2026568921875 0.1660156234375 0.26541515625 0.1816406234375 0.30986893437499996 0.2138671859375 0.3504003140625 0.2607421859375 0.3817794375
0 0.4482421859375 0.413158578125 0.4873046859375 0.436692925 0.5419921859375 0.43930785156249996 0.5673828140625 0.428848140625 0.582031246875 0.40400633125 0.5957031234375 0.35693762812499996 0.5996093765625 0.26280023125 0.5859375 0.2183464625 0.5576171859375 0.18043000781250002 0.5302734375 0.169970296875 0.4775390625 0.1725852234375 0.4433593765625 0.20527182656249998 0.4121093765625 0.2706450171875 0.4082031234375 0.307254 0.417968753125 0.35693762812499996 0.4316406234375 0.3935466203125 0.4482421859375 0.413158578125
0 0.6455078140625 0.40269885937499994 0.6845703140625 0.42100335468749994 0.7470703140625 0.42361828125 0.7958984375 0.3974690078125 0.8203125 0.3621674875 0.832031246875 0.2941793640625 0.832031246875 0.24449573593750001 0.824218753125 0.21573153750000001 0.7841796859375 0.1412060984375 0.7373046859375 0.1255165296875 0.6728515625 0.1333613140625 0.625 0.19219718125000002 0.605468753125 0.24711066874999998 0.6035156234375 0.2889495125 0.6113281234375 0.35432270312499997 0.6230468765625 0.383086909375 0.6455078140625 0.40269885937499994
0 1 0.0405313796875 0.9697265625 0.0052298515625 0.9482421859375 0 0.8212890625 0.0052298515625 0.7988281234375 0.087600075 0.796875 0.1320538515625 0.8066406234375 0.166047909375 0.8408203140625 0.214424065625 0.8857421859375 0.256262909375 0.9091796859375 0.266722628125 0.9501953140625 0.266722628125 1 0.22880617343749998 1 0.0405313796875
0 0.9189453140625 0.5935885875 1 0.59489605 0.9990234375 0.2928719015625 0.9833984375 0.285027115625 0.9404296859375 0.285027115625 0.8935546859375 0.2954868265625 0.847656246875 0.341248065625 0.824218753125 0.3961615453125 0.8203125 0.4667645953125 0.839843753125 0.529522859375 0.8603515625 0.5622094546875 0.9189453140625 0.5935885875
0 0.6923828140625 0.7321797515624999 0.7412109375 0.7321797515624999 0.7744140625 0.721720040625 0.7871093765625 0.69949315625 0.8027343765625 0.64196474375 0.832031246875 0.6053557609375 0.8417968765625 0.576591553125 0.8359375 0.5399825703125 0.8144531234375 0.47983923125 0.7861328140625 0.4419227765625 0.7724609375 0.436692925 0.6767578140625 0.436692925 0.6308593765625 0.474609371875 0.6113281234375 0.5425974953125 0.609375 0.62627518125 0.625 0.6785737359375 0.6494140625 0.71649018125 0.6923828140625 0.7321797515624999
0 0.4873046859375 0.7374096031249999 0.5166015625 0.7374096031249999 0.5478515625 0.71126033125 0.5917968765625 0.644579678125 0.5996093765625 0.618430396875 0.5996093765625 0.55305720625 0.5917968765625 0.5112183640625 0.5654296859375 0.47330190937500005 0.5283203140625 0.44453770312499996 0.4462890625 0.4471526359375 0.402343753125 0.5059885046875 0.3925781234375 0.571361703125 0.390625 0.621045321875 0.4042968765625 0.67072895 0.4501953140625 0.719105115625 0.4873046859375 0.7374096031249999
0 0.2294921859375 0.5935885875 0.2490234375 0.590973653125 0.2998046859375 0.6275826453125 0.3447265625 0.6903409093749999 0.3564453140625 0.6877259828125 0.3691406234375 0.67072895 0.3828125 0.621045321875 0.378906246875 0.5556721328124999 0.3417968765625 0.44061531406250004 0.3154296859375 0.40531379375 0.2802734375 0.39223915625 0.2431640625 0.39223915625 0.2197265625 0.40531379375 0.1855468765625 0.45891980937500004 0.1738281234375 0.5033735781249999 0.171875 0.589666190625 0.1787109375 0.611893075 0.1943359375 0.6145080078125 0.2294921859375 0.5935885875
0 0.2119140625 0.9413739671875 0.2490234375 0.9361441156250001 0.2841796859375 0.9073799093750001 0.3359375 0.8406992484375 0.3515625 0.791015628125 0.3496093765625 0.7256424296875 0.339843753125 0.6916483718750001 0.2861328140625 0.62235279375 0.2607421859375 0.6066632234375 0.2548828140625 0.611893075 0.2470703140625 0.601433371875 0.1669921859375 0.6328124953125001 0.1347656234375 0.6733438765625 0.1171875 0.741332 0.1171875 0.8197798265625 0.13671875312499998 0.8746933140625 0.1806640625 0.9256843968749999 0.2119140625 0.9413739671875
0 0.3378906234375 0.9714456359374999 0.3623046859375 0.996287446875 0.4873046859375 0.996287446875 0.519531246875 0.9452963546875001 0.5371093765625 0.9008425875 0.5410156234375 0.8406992484375 0.5292968765625 0.7779409828125 0.5126953140625 0.7557140984374999 0.4326171859375 0.71649018125 0.3916015625 0.721720040625 0.359375 0.749176784375 0.3515625 0.8250096859375 0.3203125 0.88776795 0.3222656234375 0.9322217187499999 0.3378906234375 0.9714456359374999
0 0.6845703140625 0.9989023796875 0.7373046859375 0.996287446875 0.7421875 0.9897501328124999 0.7402343765625 0.9740605625000001 0.722656246875 0.9426814296874999 0.7109375 0.9060724468749999 0.7089843765625 0.8328544703125 0.7167968765625 0.814549975 0.7324218765625 0.7988604046875001 0.738281246875 0.7805559171875001 0.738281246875 0.7674812734375001 0.7275390625 0.7504842484375 0.6728515625 0.7374096031249999 0.6044921859375 0.7426394625 0.5644531234375 0.7936305531250001 0.5488281234375 0.8537738921875 0.542968753125 0.8903828765625 0.5449218765625 0.9400665046875 0.5712890625 0.996287446875 0.6845703140625 0.9989023796875
0 0.8388671859375 0.9204545453125 0.8701171859375 0.938759040625 0.9228515625 0.9413739671875 0.9580078140625 0.9282993312500001 0.9863281234375 0.88776795 0.988281246875 0.662884165625 0.9697265625 0.62496771875 0.9326171859375 0.601433371875 0.8466796859375 0.601433371875 0.7988281234375 0.67072895 0.7871093765625 0.7256424296875 0.7890625 0.8171649015625 0.796875 0.8537738921875 0.8183593765625 0.8982276609375001 0.8388671859375 0.9204545453125
0 0.1103515625 0.5962035125 0.1328125 0.5504422812499999 0.1425781234375 0.516448215625 0.13671875312499998 0.42231081875000004 0.11132812343750001 0.3700122640625 0.09960937656249999 0.3307883546875 0.0849609375 0.311176396875 0.0576171859375 0.2981017515625 0.0009765625 0.2981017515625 0 0.6288901078125 0.0263671859375 0.6354274296875 0.0693359375 0.6301975703125 0.1103515625 0.5962035125
0 0.08398437656249999 0.9243769343749999 0.10351562343750001 0.8668485296874999 0.10742187656249999 0.7857857687500001 0.105468753125 0.7622514218750001 0.08398437656249999 0.717797653125 0.07421875312500001 0.675958809375 0.0478515625 0.648502065625 0.0009765625 0.64065728125 0 0.9845202734375 0.020507814062499997 0.9858277359375001 0.0517578140625 0.9727530984375001 0.08398437656249999 0.9243769343749999
0 0.1357421859375 0.237958421875 0.1582031234375 0.20788675156249997 0.1796875 0.1503583390625 0.17578124687500002 0.0692955875 0.1503906234375 0.019611959374999998 0.1337890625 0.0026149249999999997 0.12011718593750001 0 0.020507814062499997 0.0026149249999999997 0.0009765625 0.0130746359375 0 0.2811047265625 0.0537109375 0.282412190625 0.08300781406249999 0.2745674046875 0.1357421859375 0.237958421875
0 0.3974609375 0.1281314546875 0.4345703140625 0.1359762390625 0.4599609375 0.1333613140625 0.4892578140625 0.11505681875 0.5439453140625 0.0575284125 0.5625 0.019611959374999998 0.5595703140625 0 0.3330078140625 0.0026149249999999997 0.3300781234375 0.022226884375 0.3378906234375 0.061450801562500004 0.3583984375 0.094137396875 0.3974609375 0.1281314546875
0 0.7197265625 0.109826959375 0.7392578140625 0.09936725625000001 0.753906246875 0.0692955875 0.7558593765625 0.04576123125 0.7675781234375 0.0117671734375 0.7666015625 0 0.5761718765625 0.0013074624999999999 0.5800781234375 0.037916454687500004 0.6005859375 0.067988115625 0.6748046859375 0.11505681875 0.7197265625 0.109826959375