0 0.731029571875 0.246592321875 0.7430075453125 0.23845545 0.7552723218749999 0.21260290781250002 0.755654740625 0.188982021875 0.736201334375 0.1710489609375 0.6994995187499999 0.1615884921875 0.6540301046875 0.16522214531249999 0.580484609375 0.19571546875 0.5595478265625 0.2287569109375 0.5645314484374999 0.2461368671875 0.5872908203125 0.26312195 0.6043480265625 0.26645980625 0.6582982328125 0.2674476984375 0.731029571875 0.246592321875
0 0.7700289234375 0.1954403453125 0.809700559375 0.1840646859375 0.8384951812500001 0.1534722875 0.832648071875 0.10812645624999999 0.787465465625 0.09404445 0.7432419546875 0.1020230875 0.6884313140625 0.1541821953125 0.740130253125 0.172273484375 0.7700289234375 0.1954403453125
0 0.6509276109375 0.47881115 0.6655886 0.4675538140625 0.6778533765625 0.44170127187499997 0.67349270625 0.426493809375 0.6179604484375 0.4012727765625 0.5406772375 0.41873112968750004 0.46392137968749997 0.44426720781249995 0.4720197640625 0.47250963125 0.539961746875 0.503576734375 0.5682783609375 0.5025104406249999 0.6509276109375 0.47881115
0 0.5972240640625001 0.6658423828125 0.6924742296875 0.6361787171875 0.699755396875 0.592946221875 0.69352586875 0.571221275 0.6791516875 0.5647629515625 0.6159065125 0.568791478125 0.5723059546875 0.5789426093750001 0.51830946875 0.62146376875 0.5216647796875 0.658119621875 0.5379078203125001 0.671095428125 0.5972240640625001 0.6658423828125
0 0.615912646875 0.7310172171875 0.662196228125 0.7177456140625 0.7093895546875 0.688930840625 0.7021053359375 0.651050465625 0.6922830281250001 0.6479891640625 0.657354478125 0.6509513921875001 0.5635414203125 0.6731496046875 0.5470115640625 0.6778894640625001 0.5376210046875001 0.6888110953125001 0.5430363765624999 0.7201739921875 0.5586564625 0.7309772984375 0.615912646875 0.7310172171875
0 1 0.8392028874999999 0.9981190859375 0.8224423125 0.9471387015625 0.8006183 0.8989862625 0.8073724171875 0.8657353671875001 0.8286625734375 0.856967759375 0.841756696875 0.8475309296875 0.896187378125 0.89792035625 0.9060478921874999 0.9652159265625 0.8867511968749999 1 0.8434650156249999 1 0.8392028874999999
0 0.4263530125 0.3257279875 0.5010488093750001 0.3054848734375 0.5553814312500001 0.282851871875 0.5806788859375 0.265017890625 0.578187075 0.2563279140625 0.5430179796875 0.23349676874999997 0.5226548156249999 0.23110688124999998 0.45528951875 0.2457213265625 0.4141807609375 0.2645624359375 0.40934208437499997 0.2788810859375 0.4263530125 0.3257279875
0 0.46396151406249997 0.23853242031250002 0.5234689718750001 0.22146893125 0.5615585546874999 0.185860125 0.5464164874999999 0.14553070625 0.49649080156250003 0.139862121875 0.46156224218749997 0.142824353125 0.3954428484375 0.16178378437500002 0.3813092109375 0.1811188359375 0.4047408703125 0.2378802421875 0.46396151406249997 0.23853242031250002
0 0.46670000624999997 0.43524151718750004 0.5487262921875 0.40936973749999994 0.5574939 0.3962756125 0.5553844953125 0.36396474687499997 0.5385185015625 0.3488164453125 0.49903808125 0.3483816609375 0.413082865625 0.3730289234375 0.3997633828125 0.382726025 0.39732090468750003 0.4116398734375 0.431339696875 0.424220815625 0.45500883906249995 0.42566273125 0.46670000624999997 0.43524151718750004
0 0.2282292421875 0.2461739234375 0.29961906250000003 0.22687878281249999 0.3191187390625 0.2013027953125 0.3143263203125 0.17211239218750002 0.26569281093749997 0.12727975 0.218881878125 0.1324736359375 0.1771501828125 0.14914225781249998 0.1543445390625 0.1756662171875 0.15808225468749998 0.1887011796875 0.2282292421875 0.2461739234375
0 0.3022095484375 0.31077640781250004 0.3980826671875 0.283285234375 0.408096178125 0.2745360953125 0.4109703984375 0.2596051890625 0.384423975 0.1919813125 0.370672746875 0.18769548281249998 0.34753095625 0.194331284375 0.32026904375 0.2115530046875 0.28591717656250004 0.260196775 0.27705395781250003 0.2791961265625 0.284529390625 0.3052660578125 0.3022095484375 0.31077640781250004