0 0 0.4993579203125 0.0264008296875 0.5668044578125 0.071762275 0.593585853125 0.1270502734375 0.5987161000000001 0.26195807968749996 0.5423984109375 0.2845961671875 0.5245384578125 0.30858413281249997 0.48814903125000003 0.325578321875 0.4458873109375 0.3271981703125 0.4236519328125 0.295972015625 0.355649371875 0.24311379843749997 0.317166046875 0.1860468109375 0.298252759375 0.13126181875 0.298952153125 0.063421428125 0.32604913125 0.029580809375 0.35760682187500004 0 0.4123646765625 0 0.4993579203125
0 0.27285368593750003 0.5456479984375 0.2343751859375 0.5644632078125 0.1752706171875 0.624456940625 0.1530616390625 0.6746294078124999 0.1710732328125 0.733011134375 0.193330525 0.7585813890625 0.2459926640625 0.7742877359375 0.30000466718749996 0.7714646015625 0.40137876562499997 0.729757265625 0.44742793281250004 0.6961611109375 0.4687900359375 0.670347778125 0.47017684531250004 0.6385768546875 0.4456744953125 0.5801524812500001 0.4044848671875 0.5470424953124999 0.37647284999999997 0.536794778125 0.33103751406250004 0.5364962671875 0.27285368593750003 0.5456479984375
0 0.4467922765625 1 0.4959893421875 0.9719070984375 0.5249221015625001 0.9313128203125001 0.5341864843749999 0.86781363125 0.506592209375 0.8008942687499999 0.47112035781249995 0.7657031812499999 0.4407894078125 0.7490842171875001 0.4047037234375 0.7477877921875 0.33013953749999997 0.7653065796875 0.285170271875 0.78407915 0.23286336875 0.8271681937500001 0.1874763671875 0.9026123984375 0.2044080578125 0.975817709375 0.22371257500000002 1 0.4467922765625 1
0 0.7012553609375 0.6374467375 0.61054384375 0.672868115625 0.54394249375 0.721159921875 0.520653634375 0.786155971875 0.5585296921875 0.8902195875000001 0.5696583359375 0.9030047187499999 0.622320471875 0.9187110593750001 0.696577746875 0.9181396046874999 0.738921153125 0.909943134375 0.7665040453125 0.8878783312499999 0.7949337984375 0.8414544125000001 0.85164555 0.8015723109374999 0.8709217421875 0.778923265625 0.8692166312499999 0.7386573609375 0.8498921125000001 0.68556368125 0.8157331859375001 0.6450845453125 0.76461701875 0.6336256921875 0.7012553609375 0.6374467375
0 0.6089637265625 0.40166814687499997 0.5554177921875 0.423562359375 0.48781042656249995 0.4601948796875 0.44087746250000004 0.5313915859375 0.470483759375 0.6216295281249999 0.516618190625 0.650534659375 0.56850735 0.664117259375 0.617341521875 0.65596343125 0.6888137828125 0.62994965625 0.7143107703125 0.6110491546875 0.7698204078125 0.5367307875 0.7860416156250001 0.49234532187499996 0.7744469031250001 0.4604891109375 0.7397480437499999 0.4274217734375 0.668693515625 0.3967639078125 0.6089637265625 0.40166814687499997
0 0.4880831921875 0.1762950640625 0.394512784375 0.21275699375 0.3505495328125 0.2431888484375 0.3054694421875 0.30168571875 0.300450759375 0.33237344062499996 0.31513739531249996 0.372724640625 0.34334549999999997 0.405749334375 0.3923757609375 0.42037248906249997 0.532853578125 0.414939434375 0.605871803125 0.39317315625 0.6547798593749999 0.35853645312500004 0.668338278125 0.33796851562499997 0.66655928125 0.3241854796875 0.5801673484375 0.300312515625 0.5200453765625 0.2596628078125 0.5151744640625 0.23738477812499997 0.5241319375 0.19083292031250002 0.51508919375 0.1748834953125 0.4880831921875 0.1762950640625
0 0.785788615625 0.0246475484375 0.7180220984375 0.025261646874999998 0.6322553859375 0.0564781765625 0.5648810531249999 0.10264622968749999 0.53332243125 0.15381660156250002 0.5307079671875 0.25337685312499997 0.5452354453125 0.2577096421875 0.5418366078125 0.2661619796875 0.5690387078125 0.287527390625 0.6660562750000001 0.318355840625 0.707086753125 0.3154474125 0.7793320046875001 0.291557378125 0.8274670703125 0.25479693281250004 0.8798847953125 0.17198357343749998 0.8960413953125 0.126212590625 0.8743577359374999 0.0666372265625 0.8589290406250001 0.05214111406250001 0.785788615625 0.0246475484375
0 1 0.41183651093750007 0.9241971828125 0.20356997968749999 0.9221173765625 0.20351141250000002 0.8727432593750001 0.21907703281250002 0.816497578125 0.27803021562499997 0.736681678125 0.316701184375 0.71941750625 0.3626688 0.7299323171875 0.40934859531249995 0.8045078921875 0.48081397187499997 0.8353787968749999 0.49002113906250006 0.908630053125 0.47779039531249995 0.9728385796874999 0.44961022812499996 1 0.42560635781249995 1 0.41183651093750007
0 1 0.4485232984375 0.963721959375 0.46014367656250005 0.9260164375000001 0.4810826265625 0.8664457984375 0.522005278125 0.8265435374999999 0.58583284375 0.8478800796874999 0.6622451046875 0.8838180015624999 0.7165072703125 0.906652178125 0.721424296875 0.9209466374999999 0.7162215390625 0.9386399234375 0.7025664484374999 0.949609425 0.6793331609375 0.9665297390625 0.6635543140625 1 0.6523681390625 1 0.4485232984375
0 1 0.754204865625 0.981068603125 0.7568712578125 0.8802344515625 0.7911668015625 0.8248356343750001 0.825760853125 0.76801306875 0.9053672609375001 0.7773890406249999 0.9311275328124999 1 0.8501037703125001 1 0.754204865625
0 0.41183650937499994 0 0.1037375828125 0.1121388390625 0.1240975140625 0.16807729062500001 0.1492137078125 0.1926069984375 0.17645274375 0.20073097031249998 0.223973978125 0.1978651859375 0.2912005421875 0.20466288437500002 0.39643954375 0.1735742828125 0.4297402234375 0.14942838125 0.47088152499999997 0.1067956453125 0.4918145046875 0.048669790625 0.48055765 0 0.41183650937499994 0
0 0 0.3629827046875 0.010881499999999999 0.3596026328125 0.0652743078125 0.3133492859375 0.0892622703125 0.27695985312500004 0.108416253125 0.20505096875 0.105398215625 0.1700731046875 0.0853190828125 0.1188426234375 0 0.1498962296875 0 0.3629827046875
0 0 0.5881634921875001 0.065635765625 0.7684962750000001 0.0948039375 0.710264015625 0.1032214609375 0.671123946875 0.0960316 0.6424746828125001 0.072768290625 0.6052451375000001 0.0201430984375 0.57629735625 0 0.572028975 0 0.5881634921875001
0 0.16527939375 1 0.1765921390625 0.9883469703125 0.180297884375 0.9629472937499999 0.1682371109375 0.9120200015625001 0.098381175 0.8584635468749999 0.14989623125 1 0.16527939375 1