0 0.6142578140625 0.2988281296875 0.6337890625 0.3134765640625 0.6494140625 0.3134765640625 0.671875 0.288574221875 0.6796875 0.2211914078125 0.671875 0.18310547187499998 0.6552734375 0.1552734359375 0.6357421859375 0.1435546859375 0.6162109375 0.1494140640625 0.597656246875 0.1655273421875 0.59375 0.1772460921875 0.59375 0.24169922187499998 0.6074218765625 0.285644528125 0.6142578140625 0.2988281296875
0 0.7109375 0.13330077812500002 0.707031246875 0.09521484218750001 0.6845703140625 0.0615234359375 0.6455078140625 0.06738281406249999 0.6269531234375 0.09814452812499999 0.6269531234375 0.13330077812500002 0.6533203140625 0.15234375 0.6806640625 0.1904296859375 0.7109375 0.13330077812500002
0 0.9863281234375 0.5522460921875 0.9902343765625 0.449707028125 0.9853515625 0.4423828140625 0.9326171859375 0.4423828140625 0.9121093765625 0.4790039078125 0.910156246875 0.5258789078125 0.9150390625 0.55078125 0.9462890625 0.5683593703125001 0.9863281234375 0.5522460921875
0 0.4677734375 0.4423828140625 0.4931640625 0.4423828140625 0.496093753125 0.3735351578125 0.4921875 0.3061523421875 0.4580078140625 0.2666015640625 0.4443359375 0.2666015640625 0.425781246875 0.2827148421875 0.4199218765625 0.297363278125 0.4199218765625 0.370605471875 0.425781246875 0.394042971875 0.4677734375 0.4423828140625
0 0.3330078140625 0.4394531296875 0.355468753125 0.3852539078125 0.3535156234375 0.347167971875 0.3417968765625 0.2944335921875 0.3330078140625 0.2841796859375 0.3134765625 0.2841796859375 0.2792968765625 0.300292971875 0.277343753125 0.3852539078125 0.2871093765625 0.4350585921875 0.3017578140625 0.4453125 0.3330078140625 0.4394531296875
0 0.2724609375 0.4394531296875 0.2792968765625 0.429199221875 0.2792968765625 0.414550778125 0.2753906234375 0.332519528125 0.269531246875 0.3032226578125 0.2646484375 0.2958984359375 0.2314453140625 0.2988281296875 0.21875 0.344238278125 0.21875 0.3852539078125 0.2324218765625 0.4321289078125 0.2451171859375 0.4423828140625 0.2724609375 0.4394531296875
0 0.078125 0.20361327812500002 0.08789062343750001 0.17138672187499998 0.08203124687499999 0.1303710921875 0.0517578140625 0.09375 0.034179685937499996 0.09667968593750001 0.0058593765625 0.13623047187499998 0.0058593765625 0.19482422187499998 0.0263671859375 0.234375 0.0693359375 0.2138671859375 0.078125 0.20361327812500002
0 0.660156246875 0.402832028125 0.65625 0.344238278125 0.6494140625 0.328125 0.6220703140625 0.3046875 0.6142578140625 0.3046875 0.605468753125 0.3295898421875 0.5996093765625 0.379394528125 0.6005859375 0.4453125 0.6435546859375 0.4482421859375 0.6542968765625 0.440917971875 0.660156246875 0.402832028125
0 0.7441406234375 0.4321289078125 0.7441406234375 0.3735351578125 0.738281246875 0.344238278125 0.7216796859375 0.3046875 0.6845703140625 0.3017578140625 0.6640625 0.3413085921875 0.6640625 0.394042971875 0.6787109375 0.4423828140625 0.7314453140625 0.4482421859375 0.7441406234375 0.4321289078125
0 0.5361328140625 0.4892578140625 0.5595703140625 0.48046875 0.5644531234375 0.4672851578125 0.5644531234375 0.391113278125 0.5546875 0.358886721875 0.5380859375 0.3486328140625 0.5107421859375 0.3544921859375 0.5019531234375 0.3647460921875 0.5 0.437988278125 0.5107421859375 0.4453125 0.5175781234375 0.464355471875 0.5361328140625 0.4892578140625
0 0.8066406234375 0.6079101578125 0.8105468765625 0.569824221875 0.8037109375 0.5302734359375 0.7548828140625 0.5009765640625 0.7294921859375 0.50390625 0.7128906234375 0.5258789078125 0.7138671859375 0.5888671859375 0.7783203140625 0.6328125 0.7900390625 0.6328125 0.8066406234375 0.6079101578125
0 0.6884765625 0.5449218703125001 0.7207031234375 0.5053710921875 0.7285156234375 0.4790039078125 0.7285156234375 0.4584960921875 0.7216796859375 0.4482421859375 0.6591796859375 0.4423828140625 0.6474609375 0.4482421859375 0.6425781234375 0.4584960921875 0.6425781234375 0.543457028125 0.6513671859375 0.5566406296874999 0.6748046859375 0.5566406296874999 0.6884765625 0.5449218703125001