0 0.20350631875 0.2131441296875 0.1407122 0.2273646265625 0.10688084687499999 0.2500571921875 0.051269814062499995 0.322310715625 0.0750325625 0.43050662031250003 0.11077811875000002 0.459820328125 0.1581704890625 0.471760978125 0.28338139687499997 0.44137879062499996 0.30556136093749997 0.429009228125 0.3314916953125 0.40080153906250005 0.352153146875 0.3665670765625 0.356653590625 0.3475613125 0.338937334375 0.28452478124999997 0.2982956421875 0.2440754765625 0.2512714296875 0.21997594999999998 0.20350631875 0.2131441296875
0 0.29240981875 0.4456674953125 0.25631447343749997 0.45671282656249995 0.1965481953125 0.500563046875 0.170249703125 0.540929615625 0.1778055328125 0.5938538171875 0.193616759375 0.6189841515625 0.237254165625 0.6397129078125 0.2846419359375 0.6446035234374999 0.37864445 0.622302178125 0.42338171718749995 0.59950426875 0.44555709062500004 0.580084678125 0.4511803453125 0.552802446875 0.43798290156249997 0.49896031250000006 0.4067469640625 0.464740921875 0.383798559375 0.4520779484375 0.3443072171875 0.445652428125 0.29240981875 0.4456674953125
0 0.31171804375 0.6433695625 0.2699810734375 0.6534969640625 0.21847936875 0.6836533984375001 0.1685007765625 0.742724778125 0.17305630624999999 0.8083194890625001 0.197905146875 0.8518386124999999 0.2806565578125 0.877051690625 0.3111194625 0.8791885031250001 0.3611301984375 0.8694674015625001 0.42730195000000004 0.8445176062499999 0.4581192359375 0.8133454328124999 0.4750073640625 0.7596989140625 0.46030059218749997 0.6980919546875 0.43432893593750005 0.6628492921875 0.41024854531250005 0.644362696875 0.37903096718749996 0.6383434640625001 0.31171804375 0.6433695625
0 0.3524511375 1 0.3563212953125 0.9922825625 0.3483973171875 0.9515172296875001 0.333340746875 0.9302693062499999 0.282547803125 0.8938077625 0.22724983124999998 0.869301934375 0.191145303125 0.8662471843749999 0.1467761828125 0.87688621875 0.071097696875 0.9139104625 0.08783180625 1 0.3524511375 1
0 0.548144528125 1 0.6949845359375 0.9714571937500001 0.679301959375 0.8972686484375 0.636396265625 0.84517210625 0.5995324796875 0.8311849078125 0.5325877046875 0.8240521296875001 0.46227448437499996 0.8417487421875001 0.4115274484375 0.875787584375 0.374332234375 0.9303595765624999 0.372859634375 0.9789950703124999 0.376942578125 1 0.548144528125 1
0 0.652396596875 0.5831920171875 0.568545325 0.6015056046875 0.503882903125 0.6342202296874999 0.47458412968749997 0.6872573078124999 0.493073409375 0.7823764062499999 0.5009790187500001 0.7949415765625 0.544616425 0.8156703249999999 0.609306390625 0.82525594375 0.647288396875 0.823916646875 0.6743553203125 0.8085826062500001 0.7055453468749999 0.7723016031250001 0.7604338578125 0.745515940625 0.7803544203125 0.728549184375 0.7844683484375 0.693502134375 0.7750350421875 0.6449719828125 0.750940865625 0.60533526875 0.70805813125 0.5884889281250001 0.652396596875 0.5831920171875
0 0.60487109375 0.366800209375 0.5552376984375 0.37846251406250003 0.49132075625000005 0.40095947499999995 0.4405875 0.4561484375 0.4538033046875 0.538190734375 0.4899262015625 0.5694456390625 0.533186275 0.5882331890625 0.5768099062500001 0.5878118234375 0.6426135015625001 0.5750209 0.667425615625 0.56213970625 0.7260553046875 0.505415825 0.7463394234375 0.46924015781249995 0.7406794390625 0.44012206562499995 0.7150851281249999 0.4068206109375 0.6575231546875 0.37066755156250003 0.60487109375 0.366800209375
0 0.5310241546875 0.15552476875000001 0.4445407421875 0.1743499921875 0.40205829218750005 0.194695059375 0.3547026578125 0.239154721875 0.34606992812500004 0.265007378125 0.353239240625 0.301890296875 0.3731919375 0.33427381875 0.4138198625 0.35357300625 0.5368035046874999 0.3679438921875 0.6033617640625 0.359035384375 0.6507311734375001 0.33572583906250003 0.6653874531249999 0.3197823625 0.6657556015625 0.3076234859375 0.5939055062499999 0.2752550296875 0.5472448515624999 0.2319465921875 0.5461036765625 0.212022890625 0.5603688484375 0.1729880875 0.554718040625 0.157970078125 0.5310241546875 0.15552476875000001
0 0.7520875140625 0.0561469484375 0.6731232 0.0714960546875 0.608083446875 0.1022694703125 0.5735111984375 0.1422297421875 0.557396103125 0.22795883906249997 0.5694339984375001 0.2336771171875 0.565301709375 0.2405240046875 0.585999896875 0.26268986562499996 0.6661283421874999 0.30251465624999996 0.7022328703125 0.3055694046875 0.76841380625 0.294719684375 0.8154058750000001 0.2694689359375 0.87252624375 0.204980228125 0.8946878484375 0.164410515625 0.89278281875 0.126504325 0.8709526359374999 0.09851485 0.8111358624999999 0.0648146359375 0.7520875140625 0.0561469484375
0 0.9048895859374999 0.23797319843750003 0.8597658109375 0.24472982187499998 0.802631675 0.2880684046875 0.7278088328125001 0.3106707 0.7063973015625 0.3480727890625 0.7090569859375 0.389861390625 0.76400976875 0.46177629062500003 0.7895903140625 0.47392762812499994 0.855025759375 0.473295575 0.91481040625 0.457645515625 0.956160859375 0.431476828125 0.989925803125 0.4000282234375 0.9617782546875 0.25522164375 0.9473904046875001 0.2458282921875 0.9048895859374999 0.23797319843750003
0 1 0.46863113125 0.9558018953125 0.4577357859375 0.9054138296875 0.46551568281250005 0.869695815625 0.4785022125 0.8121751609375 0.5057995125 0.7685836671875 0.55557115625 0.7765260015625 0.624536646875 0.80025203125 0.67633223125 0.8194362890625 0.6836832234375 0.8325970125 0.6811250375 0.84989001875 0.6717199671875 0.862664228125 0.6531204953125 0.8795799078125001 0.6417742125 0.95365726875 0.6293895828125 0.9927712718749999 0.6338739 1 0.6362154171875 1 0.46863113125
0 1 0.7617567359375 0.99284931875 0.7537245765625 0.9665141078125 0.73769083125 0.917617009375 0.7250353890625 0.8792576625 0.7244334828125 0.7867552921875001 0.740399571875 0.7337442656250001 0.76279118125 0.6732370999999999 0.82390910625 0.6898397187499999 0.909322175 0.7206983234375001 0.9416003609375 0.7624490609375 0.95262308125 0.9884361046875 0.9066810999999999 1 0.8948713906249999 1 0.7617567359375
0 0.4518554734375 0 0.2055274328125 0.047881321875 0.21546617812500002 0.099011728125 0.2339095546875 0.12363043124999999 0.25648062656250004 0.1343522 0.298226771875 0.13832488125 0.35577496875 0.1533278265625 0.45166414374999997 0.1407325109375 0.483995359375 0.12437519999999999 0.525718553125 0.0930976828125 0.55201244375 0.0456810765625 0.548975425 0.0019512656249999999 0.5480615734375001 0 0.4518554734375 0
0 0.5584806046875 0 0.5662867984375 0.02074635 0.599018296875 0.041580446874999996 0.643019259375 0.043100285937499996 0.691916359375 0.055755726562499996 0.715982984375 0.0530921984375 0.79682478125 0.0333490375 0.85095861875 0.0026809687499999998 0.8537024843750001 0 0.5584806046875 0
0 0 0.2589678421875 0.007982196875 0.261222928125 0.090333315625 0.24924459843750002 0.1440898296875 0.2166353171875 0.1700201640625 0.188427621875 0.1966822046875 0.1288521453125 0.19891865312499998 0.098199140625 0.18856975625 0.051177559375 0 0.08783180625 0 0.2589678421875
0 0 0.5481445265625 0.020933553125 0.6558383203125 0.032683246875 0.655302840625 0.067264678125 0.62944265 0.11460653750000001 0.5638328671874999 0.12737156249999998 0.5311333140625 0.125098384375 0.505386 0.1100326390625 0.47003799375 0.068268125 0.4378651515625 0.031404339062499995 0.42387794687499997 0 0.42380878906249997 0 0.5481445265625
0 0.096360571875 0.842365878125 0.11967254062499999 0.8358199328125 0.1471122046875 0.8153770687499999 0.15386745 0.7939184578125 0.1504531 0.7482474406249999 0.08873588125000001 0.6836910781250001 0.0545042453125 0.6691922359375 0.024045779687499998 0.6718493343749999 0.060824765625 0.8610608140625 0.064406696875 0.860664390625 0.096360571875 0.842365878125