0 0.81700865 0.308819565625 0.828376490625 0.30134697187500004 0.8402723296874999 0.277133171875 0.8409763390625 0.2548115734375 0.822968609375 0.237503765625 0.7886384390625001 0.2278894890625 0.7458830562500001 0.2304925734375 0.6763680421875 0.2579722515625 0.65622298125 0.28882301093749996 0.6606495734375 0.3053432796875 0.681775921875 0.3218154515625 0.697746365625 0.32528272343750003 0.7483989578125 0.3272034765625 0.81700865 0.308819565625
0 0.8543814765625 0.2611795109375 0.891804940625 0.25115192343750004 0.9192938875 0.22275996406249998 0.9144646546875 0.17978802656249998 0.8722372734375 0.1656499171875 0.8305885406250001 0.17238306718750002 0.7783519296875 0.22068591875000002 0.8266405515624999 0.23873316562500002 0.8543814765625 0.2611795109375
0 0.32836251562499996 0.075664659375 0.3562541140625 0.073724371875 0.40559874375 0.0582892171875 0.438771615625 0.026160965624999998 0.4319233765625 0.0006029859375 0.3023212046875 0.0353297828125 0.3007976046875 0.047637914062499995 0.32836251562499996 0.075664659375
0 0.7383909875 0.526868475 0.752324125 0.5164952171875 0.7642199625 0.49228141875000003 0.7603466937500001 0.47782618125000004 0.7085621296875 0.45296913125 0.63572716875 0.468058603125 0.5632695328125 0.4907935171875 0.5704627453125 0.517638953125 0.633816478125 0.5482492453125001 0.660425428125 0.5477592828125 0.7383909875 0.526868475
0 0.6852249765625 0.70268489375 0.775111690625 0.6763865250000001 0.7825809484375 0.6356524609374999 0.7770477062500001 0.6150021234375 0.7636425703125 0.6086341859375 0.7041874234375001 0.6112853687500001 0.6630920140625001 0.62008355 0.6117607265625 0.6592906359375 0.6143766734375 0.6940024359375 0.6294417812499999 0.706565475 0.6852249765625 0.70268489375
0 0.7018247 0.7646359031250001 0.7454854140625 0.75293705 0.790227440625 0.7265620312500001 0.7839395609375 0.6906208281249999 0.77475969375 0.68754733125 0.7419135046875 0.68970855 0.6534854359375 0.70897618125 0.6378923171875 0.7131543453125 0.6289137734375 0.7233066781249999 0.6335416921875 0.7530527828125 0.6480534765625 0.7635507828125 0.7018247 0.7646359031250001
0 1 0.8379306546875 0.9665568265625 0.8419919984374999 0.9350186109375 0.8615091187499999 0.9265933890625 0.8737264828125 0.9207215546875 0.9049060890625 1 0.88366349375 1 0.8379306546875
0 0.5297180906250001 0.3780523 0.600163753125 0.36028309062499997 0.651520353125 0.339882240625 0.6755386828125001 0.323486715625 0.6733253859375 0.31522658125 0.6406298734375 0.29300117187499997 0.6215408203125 0.29036953125 0.55806173125 0.3029521125 0.51917960625 0.32001042968750004 0.514426340625 0.33345719687500003 0.5297180906250001 0.3780523
0 0.566310940625 0.2963151484375 0.62244614375 0.281273765625 0.6587376359375 0.24830987499999999 0.645105859375 0.2099098734375 0.598301209375 0.20363812343749998 0.5654550125 0.2057993453125 0.50308256875 0.2225119921875 0.48952675625 0.24053068125000002 0.5107037453125 0.2946153265625 0.566310940625 0.2963151484375
0 0.5660108375 0.4823124484375 0.643423065625 0.45935661093749997 0.6518482875 0.44713924687500006 0.6503389875 0.41655751093750004 0.6347205546875 0.4019294390625 0.5976490984375 0.4007962265625 0.51656491875 0.42252266718750003 0.503914428125 0.431445590625 0.5011984484374999 0.45873289218749996 0.5329633171875 0.47124784062499997 0.5551709984375 0.4730438484375 0.5660108375 0.4823124484375
0 0.3448128109375 0.2992263375 0.4121398453125 0.2822927625 0.430826259375 0.258472734375 0.4267516640625 0.23079166093749998 0.381732346875 0.1875221453125 0.3376943078125 0.1915755640625 0.2982588703125 0.20656885468750003 0.2764538390625 0.2312245125 0.2797737828125 0.243614709375 0.3448128109375 0.2992263375
0 0.41334778437499997 0.36164776249999997 0.5037878234375001 0.3374144265625 0.5133196921875001 0.329327128125 0.5162369875 0.315265665625 0.492293378125 0.2508558546875 0.479441565625 0.24655295000000002 0.4576112078125 0.2524023765625 0.4317569078125 0.2681832 0.39878535937500004 0.3135372890625 0.3901841296875 0.33133505625000004 0.39682401875 0.356115459375 0.41334778437499997 0.36164776249999997