2 0.109375 0.8837890640625 0.1328125 0.8330078140625 0.13671875 0.7841796859375 0.123046871875 0.7470703140625 0.08886718593750001 0.705078128125 0.043945314062500004 0.677734371875 0.0009765640625 0.669921871875 0 0.9345703140625 0.022460935937500003 0.935546871875 0.06738281406249999 0.919921871875 0.109375 0.8837890640625
2 0.2548828140625 0.96875 0.2958984359375 0.966796871875 0.3369140640625 0.953125 0.376953128125 0.9130859359375 0.396484371875 0.8583984359375 0.39453125 0.8095703140625 0.380859371875 0.7724609359375 0.3486328140625 0.744140628125 0.3134765640625 0.732421871875 0.2626953140625 0.736328128125 0.2158203140625 0.75390625 0.1796875 0.7841796859375 0.15039062812499998 0.8369140640625 0.14648437187500002 0.8837890640625 0.16015625 0.9208984359375 0.1904296859375 0.94921875 0.2548828140625 0.96875
2 0.109375 0.7216796859375 0.1357421859375 0.7578125 0.1396484359375 0.755859371875 0.15625 0.7392578140625 0.171875 0.7041015640625 0.16992187187500002 0.6396484359375 0.15820312812499998 0.6103515640625 0.11816406406249999 0.5703125 0.09082031406249999 0.5546875 0.0009765640625 0.55078125 0 0.6669921859375 0.041992185937499996 0.673828128125 0.07128906406249999 0.689453128125 0.109375 0.7216796859375
2 0.484375 0.3134765640625 0.5087890640625 0.294921871875 0.5888671859375 0.26171875 0.6591796859375 0.259765628125 0.7080078140625 0.279296871875 0.7109375 0.2705078140625 0.703125 0.2470703140625 0.6689453140625 0.20507812812499998 0.6357421859375 0.18554687187500002 0.5771484359375 0.1796875 0.5341796859375 0.19140625 0.5029296859375 0.2109375 0.4765625 0.2431640640625 0.458984371875 0.2802734359375 0.45703125 0.3193359359375 0.458984371875 0.3330078140625 0.4658203140625 0.337890628125 0.484375 0.3134765640625
2 0.5830078140625 0.501953128125 0.6962890640625 0.49609375 0.720703128125 0.4775390640625 0.75 0.4326171859375 0.75390625 0.3837890640625 0.73828125 0.3291015640625 0.712890628125 0.2841796859375 0.6787109359375 0.267578128125 0.6279296859375 0.259765628125 0.5732421859375 0.26953125 0.5146484359375 0.29296875 0.462890628125 0.3408203140625 0.462890628125 0.3955078140625 0.486328128125 0.4697265640625 0.5263671859375 0.49609375 0.5830078140625 0.501953128125
2 0.9990234359375 0.970703128125 1 0.6728515640625 0.9345703140625 0.671875 0.8955078140625 0.685546871875 0.857421871875 0.7158203140625 0.8359375 0.7470703140625 0.822265628125 0.7861328140625 0.82421875 0.8623046859375 0.859375 0.9306640640625 0.9150390640625 0.96484375 0.9990234359375 0.970703128125
2 0.7578125 0.3623046859375 0.7880859359375 0.3515625 0.7861328140625 0.3203125 0.791015628125 0.2958984359375 0.7451171859375 0.306640628125 0.744140628125 0.3369140640625 0.748046871875 0.3466796859375 0.759765628125 0.3525390640625 0.7578125 0.3623046859375
2 0.9716796859375 0.470703128125 0.986328128125 0.4619140640625 0.98828125 0.4462890640625 0.9765625 0.4013671859375 0.94921875 0.3388671859375 0.9169921859375 0.287109371875 0.8896484359375 0.279296871875 0.8369140640625 0.279296871875 0.826171871875 0.2880859359375 0.8125 0.3603515640625 0.787109371875 0.4443359359375 0.783203128125 0.4794921859375 0.7900390640625 0.484375 0.9384765640625 0.474609371875 0.9716796859375 0.470703128125
2 0.3369140640625 0.736328128125 0.3623046859375 0.75 0.388671871875 0.7802734359375 0.4013671859375 0.841796871875 0.4130859359375 0.841796871875 0.4443359359375 0.822265628125 0.48828125 0.7646484359375 0.4921875 0.7314453140625 0.482421871875 0.6826171859375 0.453125 0.6357421859375 0.4169921859375 0.603515628125 0.404296871875 0.6103515640625 0.3623046859375 0.6875 0.34375 0.6884765640625 0.3173828140625 0.62109375 0.2763671859375 0.640625 0.2177734359375 0.640625 0.19921875 0.6845703140625 0.19726562812499998 0.7255859359375 0.2060546859375 0.751953128125 0.2744140640625 0.732421871875 0.3369140640625 0.736328128125
2 0.17578125 0.6982421859375 0.1845703140625 0.701171871875 0.2109375 0.6494140640625 0.21289062812499998 0.6064453140625 0.23046875 0.5556640640625 0.2685546859375 0.509765628125 0.310546871875 0.4775390640625 0.2841796859375 0.451171871875 0.2451171859375 0.4375 0.1806640640625 0.44140625 0.1455078140625 0.455078128125 0.12207031406249999 0.47265625 0.09570312812500001 0.5224609359375 0.09375 0.5517578140625 0.1455078140625 0.591796871875 0.16796875 0.6220703140625 0.17578125 0.6982421859375
2 0.3916015640625 0.466796871875 0.3984375 0.4619140640625 0.3974609359375 0.4296875 0.3525390640625 0.43359375 0.345703128125 0.4267578140625 0.3818359359375 0.41015625 0.4052734359375 0.392578128125 0.4306640640625 0.390625 0.4580078140625 0.3984375 0.458984371875 0.3427734359375 0.4501953140625 0.328125 0.4189453140625 0.306640628125 0.3955078140625 0.30078125 0.3505859359375 0.30078125 0.3232421859375 0.310546871875 0.2939453140625 0.330078128125 0.271484371875 0.3544921859375 0.251953128125 0.3955078140625 0.25 0.4326171859375 0.2841796859375 0.447265628125 0.3154296859375 0.474609371875 0.3916015640625 0.466796871875