2 1 0.07295965625 0.7766144953125 0.03757886875 0.7771935531249999 0.0630010453125 0.799393309375 0.11705250625000001 0.839535878125 0.1618612875 0.8778844781249999 0.1833154421875 0.9321489734374999 0.1875157140625 0.9919517296875 0.17062126093750002 1 0.16379844999999998 1 0.07295965625
2 1 0.21945743750000002 0.9855015249999999 0.21134625312500002 0.9333804546875 0.207485475 0.87041581875 0.2304707015625 0.830912334375 0.26486197968749997 0.8034739203125 0.313248721875 0.7903604734375 0.36829869375 0.7971102859375 0.408917178125 0.8225883890624999 0.44920614218750005 0.860936996875 0.47066029687500005 0.9141830328125 0.48129082656250005 0.9775936609375 0.46936219218749997 1 0.45308303437499997 1 0.21945743750000002
2 0.6464049968750001 0.1257793921875 0.6833856953125 0.1766789546875 0.713500096875 0.1946317390625 0.7838935046875 0.207978153125 0.8251909562499999 0.1969415078125 0.846295646875 0.18160804531250002 0.8491180406250001 0.17766068906250002 0.81404779375 0.142444046875 0.785301303125 0.0950458453125 0.7732462046874999 0.0601786546875 0.773146759375 0.037029634374999995 0.6427608234375 0.0163785296875 0.6340104140625 0.0930556234375 0.6464049968750001 0.1257793921875
2 0.31207485 0.4540391515625 0.26886694843750003 0.449392878125 0.2250865921875 0.46223346562499995 0.18513710781249998 0.48556815000000003 0.1582711453125 0.5164680390624999 0.1379419609375 0.561586390625 0.1341876828125 0.6269074703124999 0.1498506625 0.666740475 0.18999323125 0.71154925625 0.21435634375 0.724196753125 0.22451095781250002 0.7225093031250001 0.2115638703125 0.6655289328125 0.22592873125000001 0.588705265625 0.2762857453125 0.5065962500000001 0.30089180625 0.48302859062500003 0.3309096734375 0.4669096515625 0.3267393140625 0.4585589609375 0.31207485 0.4540391515625
2 0.3946498140625 0.47370931406250005 0.334634028125 0.4642037484375 0.27312387656250003 0.512687025 0.237218290625 0.5729158359375 0.21699562343749998 0.6312341984375001 0.216742709375 0.6883210796875 0.22902080156250001 0.7287165703125 0.2739061875 0.76438918125 0.3312060953125 0.7910421140625 0.3854705828125 0.795242384375 0.43986153437500003 0.7708992203125 0.4644675859375 0.747331559375 0.49058795625 0.624031603125 0.49400274062499994 0.5608539390625 0.47202599218749997 0.512330778125 0.3946498140625 0.47370931406250005
2 0.9105157953124999 1 0.8441227640625 0.9513789718749999 0.7608688375 0.9359956609375001 0.7156240296874999 0.9442099109375001 0.6775949671875 0.9623557843749999 0.6377519875 0.9988904875 0.637154825 1 0.9105157953124999 1
2 0.28146141562500004 0.7721773859375001 0.24806865312499998 0.76798708125 0.2283019453125 0.8164903109375 0.2559434203125 0.8153753140625 0.2898986703125 0.8229504828125 0.3069494921875 0.7915946265625 0.29589290625000003 0.792040628125 0.2914995484375 0.7781616421875001 0.28146141562500004 0.7721773859375001
2 0.4311414453125 0.839828171875 0.3918809015625 0.838004284375 0.29530050937499996 0.851270928125 0.2136175421875 0.8537139406250001 0.2021049796875 0.8639750812500001 0.1929388984375 0.9218474406249999 0.19675979999999998 0.953213271875 0.20380800156249998 0.9593203593749999 0.40298794375 0.9908673625000001 0.4353118046875 0.84817885625 0.4311414453125 0.839828171875
2 0.80305783125 0.2395769578125 0.7577065125 0.23459120000000003 0.7062544390625 0.24731529531250002 0.696069903125 0.3116179203125 0.66750651875 0.3532349171875 0.7368715 0.3938833140625 0.7325746859375 0.4140760671875 0.640610646875 0.4467499765625 0.6309020265624999 0.45949401874999996 0.6599880015624999 0.5047488015625 0.706337834375 0.5450477390625 0.7582259375 0.5642519609375001 0.79534305625 0.5657363546874999 0.8662123796874999 0.527524178125 0.8930783343750001 0.49662428593749997 0.8951152406249999 0.4837637625 0.829804134375 0.4591377625 0.8011641546874999 0.424939571875 0.7905735093749999 0.3946987140625 0.7971501640625 0.3254302765625 0.8304663390625 0.25380538750000003 0.80305783125 0.2395769578125
2 0.6302860578125 0.095761525 0.5977952546874999 0.0928126828125 0.5385549843749999 0.11309200781249999 0.5151903859375 0.13575769843750002 0.4940757140625 0.17196288125 0.478585884375 0.24201679843749999 0.48680013593749993 0.28726160625 0.5111532828125 0.32078082812500003 0.553818646875 0.2802987765625 0.6108089828125001 0.2464799578125 0.6695932859375 0.2360157703125 0.7170880296875 0.24134100468750003 0.77847171875 0.2214011640625 0.7767842703125 0.2112465421875 0.694548796875 0.1894329625 0.6652298390625 0.15952161250000002 0.6302860578125 0.095761525
2 0.47237861875 0.24652664062500002 0.43131414062499995 0.242219859375 0.3829074546875 0.2565248859375 0.3522106265625 0.27693067656250003 0.32568414218749997 0.3056871390625 0.3102142578125 0.333997609375 0.3024061140625 0.38329629375 0.3047625671875 0.4100357984375 0.322908440625 0.4480648609375 0.337456415625 0.4602563828125 0.3987136546875 0.46885998593749995 0.394892753125 0.43749415625 0.401449478125 0.4099691671875 0.424814075 0.387303475 0.4493136171875 0.35053581562499997 0.45562739375000005 0.35922597968750003 0.44353240937500005 0.40784568749999994 0.47872911250000005 0.4145188953125 0.485275853125 0.40786563437499995 0.507089434375 0.3256301546875 0.482513303125 0.28658263906250003 0.47237861875 0.24652664062500002